1.918000000000000000e+03,7.473999999999999488e+01
1.918083333333333258e+03,7.471999999999999886e+01
1.918166666666666742e+03,7.492000000000000171e+01
1.918250000000000000e+03,7.509999999999999432e+01
1.918333333333333258e+03,7.509000000000000341e+01
1.918416666666666742e+03,7.506000000000000227e+01
1.918500000000000000e+03,7.498999999999999488e+01
1.918583333333333258e+03,7.487000000000000455e+01
1.918666666666666742e+03,7.478000000000000114e+01
1.918750000000000000e+03,7.473999999999999488e+01
1.918833333333333258e+03,7.473999999999999488e+01
1.918916666666666742e+03,7.471999999999999886e+01
1.919000000000000000e+03,7.476000000000000512e+01
1.919083333333333258e+03,7.471999999999999886e+01
1.919166666666666742e+03,7.476000000000000512e+01
1.919250000000000000e+03,7.492000000000000171e+01
1.919333333333333258e+03,7.518000000000000682e+01
1.919416666666666742e+03,7.535999999999999943e+01
1.919500000000000000e+03,7.528000000000000114e+01
1.919583333333333258e+03,7.515999999999999659e+01
1.919666666666666742e+03,7.501000000000000512e+01
1.919750000000000000e+03,7.487000000000000455e+01
1.919833333333333258e+03,7.478000000000000114e+01
1.919916666666666742e+03,7.467000000000000171e+01
1.920000000000000000e+03,7.454000000000000625e+01
1.920083333333333258e+03,7.443999999999999773e+01
1.920166666666666742e+03,7.445999999999999375e+01
1.920250000000000000e+03,7.459999999999999432e+01
1.920333333333333258e+03,7.464000000000000057e+01
1.920416666666666742e+03,7.462000000000000455e+01
1.920500000000000000e+03,7.465999999999999659e+01
1.920583333333333258e+03,7.464000000000000057e+01
1.920666666666666742e+03,7.459000000000000341e+01
1.920750000000000000e+03,7.453000000000000114e+01
1.920833333333333258e+03,7.451000000000000512e+01
1.920916666666666742e+03,7.457999999999999829e+01
1.921000000000000000e+03,7.460999999999999943e+01
1.921083333333333258e+03,7.457999999999999829e+01
1.921166666666666742e+03,7.470000000000000284e+01
1.921250000000000000e+03,7.487999999999999545e+01
1.921333333333333258e+03,7.495999999999999375e+01
1.921416666666666742e+03,7.492000000000000171e+01
1.921500000000000000e+03,7.484000000000000341e+01
1.921583333333333258e+03,7.470999999999999375e+01
1.921666666666666742e+03,7.456000000000000227e+01
1.921750000000000000e+03,7.445999999999999375e+01
1.921833333333333258e+03,7.439000000000000057e+01
1.921916666666666742e+03,7.437999999999999545e+01
1.922000000000000000e+03,7.435999999999999943e+01
1.922083333333333258e+03,7.434000000000000341e+01
1.922166666666666742e+03,7.446999999999999886e+01
1.922250000000000000e+03,7.476000000000000512e+01
1.922333333333333258e+03,7.492000000000000171e+01
1.922416666666666742e+03,7.495999999999999375e+01
1.922500000000000000e+03,7.501999999999999602e+01
1.922583333333333258e+03,7.490000000000000568e+01
1.922666666666666742e+03,7.475000000000000000e+01
1.922750000000000000e+03,7.460999999999999943e+01
1.922833333333333258e+03,7.446999999999999886e+01
1.922916666666666742e+03,7.431999999999999318e+01
1.923000000000000000e+03,7.429999999999999716e+01
1.923083333333333258e+03,7.426999999999999602e+01
1.923166666666666742e+03,7.435999999999999943e+01
1.923250000000000000e+03,7.454000000000000625e+01
1.923333333333333258e+03,7.462000000000000455e+01
1.923416666666666742e+03,7.471999999999999886e+01
1.923500000000000000e+03,7.468000000000000682e+01
1.923583333333333258e+03,7.454999999999999716e+01
1.923666666666666742e+03,7.443999999999999773e+01
1.923750000000000000e+03,7.431999999999999318e+01
1.923833333333333258e+03,7.423999999999999488e+01
1.923916666666666742e+03,7.428000000000000114e+01
1.924000000000000000e+03,7.434000000000000341e+01
1.924083333333333258e+03,7.440000000000000568e+01
1.924166666666666742e+03,7.439000000000000057e+01
1.924250000000000000e+03,7.454999999999999716e+01
1.924333333333333258e+03,7.476000000000000512e+01
1.924416666666666742e+03,7.481999999999999318e+01
1.924500000000000000e+03,7.479000000000000625e+01
1.924583333333333258e+03,7.475000000000000000e+01
1.924666666666666742e+03,7.462000000000000455e+01
1.924750000000000000e+03,7.456000000000000227e+01
1.924833333333333258e+03,7.440999999999999659e+01
1.924916666666666742e+03,7.429999999999999716e+01
1.925000000000000000e+03,7.420000000000000284e+01
1.925083333333333258e+03,7.426000000000000512e+01
1.925166666666666742e+03,7.450000000000000000e+01
1.925250000000000000e+03,7.462000000000000455e+01
1.925333333333333258e+03,7.462000000000000455e+01
1.925416666666666742e+03,7.456000000000000227e+01
1.925500000000000000e+03,7.448999999999999488e+01
1.925583333333333258e+03,7.440000000000000568e+01
1.925666666666666742e+03,7.429999999999999716e+01
1.925750000000000000e+03,7.421999999999999886e+01
1.925833333333333258e+03,7.423000000000000398e+01
1.925916666666666742e+03,7.428000000000000114e+01
1.926000000000000000e+03,7.420000000000000284e+01
1.926083333333333258e+03,7.415000000000000568e+01
1.926166666666666742e+03,7.415999999999999659e+01
1.926250000000000000e+03,7.440999999999999659e+01
1.926333333333333258e+03,7.454999999999999716e+01
1.926416666666666742e+03,7.454999999999999716e+01
1.926500000000000000e+03,7.448999999999999488e+01
1.926583333333333258e+03,7.443999999999999773e+01
1.926666666666666742e+03,7.440999999999999659e+01
1.926750000000000000e+03,7.440999999999999659e+01
1.926833333333333258e+03,7.450000000000000000e+01
1.926916666666666742e+03,7.456000000000000227e+01
1.927000000000000000e+03,7.450000000000000000e+01
1.927083333333333258e+03,7.451999999999999602e+01
1.927166666666666742e+03,7.465000000000000568e+01
1.927250000000000000e+03,7.473000000000000398e+01
1.927333333333333258e+03,7.473000000000000398e+01
1.927416666666666742e+03,7.476999999999999602e+01
1.927500000000000000e+03,7.473999999999999488e+01
1.927583333333333258e+03,7.465999999999999659e+01
1.927666666666666742e+03,7.451999999999999602e+01
1.927750000000000000e+03,7.443999999999999773e+01
1.927833333333333258e+03,7.440000000000000568e+01
1.927916666666666742e+03,7.462000000000000455e+01
1.928000000000000000e+03,7.473999999999999488e+01
1.928083333333333258e+03,7.473000000000000398e+01
1.928166666666666742e+03,7.471999999999999886e+01
1.928250000000000000e+03,7.487000000000000455e+01
1.928333333333333258e+03,7.493000000000000682e+01
1.928416666666666742e+03,7.493000000000000682e+01
1.928500000000000000e+03,7.496999999999999886e+01
1.928583333333333258e+03,7.493999999999999773e+01
1.928666666666666742e+03,7.479000000000000625e+01
1.928750000000000000e+03,7.467000000000000171e+01
1.928833333333333258e+03,7.464000000000000057e+01
1.928916666666666742e+03,7.468000000000000682e+01
1.929000000000000000e+03,7.468000000000000682e+01
1.929083333333333258e+03,7.467000000000000171e+01
1.929166666666666742e+03,7.479000000000000625e+01
1.929250000000000000e+03,7.514000000000000057e+01
1.929333333333333258e+03,7.545000000000000284e+01
1.929416666666666742e+03,7.548999999999999488e+01
1.929500000000000000e+03,7.545999999999999375e+01
1.929583333333333258e+03,7.534000000000000341e+01
1.929666666666666742e+03,7.518000000000000682e+01
1.929750000000000000e+03,7.503000000000000114e+01
1.929833333333333258e+03,7.492000000000000171e+01
1.929916666666666742e+03,7.487000000000000455e+01
1.930000000000000000e+03,7.498000000000000398e+01
1.930083333333333258e+03,7.507999999999999829e+01
1.930166666666666742e+03,7.523999999999999488e+01
1.930250000000000000e+03,7.535999999999999943e+01
1.930333333333333258e+03,7.537999999999999545e+01
1.930416666666666742e+03,7.539000000000000057e+01
1.930500000000000000e+03,7.537000000000000455e+01
1.930583333333333258e+03,7.518999999999999773e+01
1.930666666666666742e+03,7.500000000000000000e+01
1.930750000000000000e+03,7.481999999999999318e+01
1.930833333333333258e+03,7.464000000000000057e+01
1.930916666666666742e+03,7.451999999999999602e+01
1.931000000000000000e+03,7.442000000000000171e+01
1.931083333333333258e+03,7.435999999999999943e+01
1.931166666666666742e+03,7.434000000000000341e+01
1.931250000000000000e+03,7.443000000000000682e+01
1.931333333333333258e+03,7.448000000000000398e+01
1.931416666666666742e+03,7.456999999999999318e+01
1.931500000000000000e+03,7.451000000000000512e+01
1.931583333333333258e+03,7.442000000000000171e+01
1.931666666666666742e+03,7.429999999999999716e+01
1.931750000000000000e+03,7.420000000000000284e+01
1.931833333333333258e+03,7.414000000000000057e+01
1.931916666666666742e+03,7.412000000000000455e+01
1.932000000000000000e+03,7.426000000000000512e+01
1.932083333333333258e+03,7.445999999999999375e+01
1.932166666666666742e+03,7.451000000000000512e+01
1.932250000000000000e+03,7.468999999999999773e+01
1.932333333333333258e+03,7.479000000000000625e+01
1.932416666666666742e+03,7.476000000000000512e+01
1.932500000000000000e+03,7.470000000000000284e+01
1.932583333333333258e+03,7.460999999999999943e+01
1.932666666666666742e+03,7.443999999999999773e+01
1.932750000000000000e+03,7.431999999999999318e+01
1.932833333333333258e+03,7.426000000000000512e+01
1.932916666666666742e+03,7.423000000000000398e+01
1.933000000000000000e+03,7.423999999999999488e+01
1.933083333333333258e+03,7.420999999999999375e+01
1.933166666666666742e+03,7.420000000000000284e+01
1.933250000000000000e+03,7.439000000000000057e+01
1.933333333333333258e+03,7.454000000000000625e+01
1.933416666666666742e+03,7.456999999999999318e+01
1.933500000000000000e+03,7.448000000000000398e+01
1.933583333333333258e+03,7.437999999999999545e+01
1.933666666666666742e+03,7.426000000000000512e+01
1.933750000000000000e+03,7.409999999999999432e+01
1.933833333333333258e+03,7.398000000000000398e+01
1.933916666666666742e+03,7.395999999999999375e+01
1.934000000000000000e+03,7.404000000000000625e+01
1.934083333333333258e+03,7.404999999999999716e+01
1.934166666666666742e+03,7.406000000000000227e+01
1.934250000000000000e+03,7.423999999999999488e+01
1.934333333333333258e+03,7.429000000000000625e+01
1.934416666666666742e+03,7.421999999999999886e+01
1.934500000000000000e+03,7.414000000000000057e+01
1.934583333333333258e+03,7.400000000000000000e+01
1.934666666666666742e+03,7.390999999999999659e+01
1.934750000000000000e+03,7.381999999999999318e+01
1.934833333333333258e+03,7.375000000000000000e+01
1.934916666666666742e+03,7.373999999999999488e+01
1.935000000000000000e+03,7.381000000000000227e+01
1.935083333333333258e+03,7.385999999999999943e+01
1.935166666666666742e+03,7.393999999999999773e+01
1.935250000000000000e+03,7.403000000000000114e+01
1.935333333333333258e+03,7.410999999999999943e+01
1.935416666666666742e+03,7.418999999999999773e+01
1.935500000000000000e+03,7.423999999999999488e+01
1.935583333333333258e+03,7.415999999999999659e+01
1.935666666666666742e+03,7.404000000000000625e+01
1.935750000000000000e+03,7.392000000000000171e+01
1.935833333333333258e+03,7.387999999999999545e+01
1.935916666666666742e+03,7.387000000000000455e+01
1.936000000000000000e+03,7.384000000000000341e+01
1.936083333333333258e+03,7.378000000000000114e+01
1.936166666666666742e+03,7.398000000000000398e+01
1.936250000000000000e+03,7.445000000000000284e+01
1.936333333333333258e+03,7.453000000000000114e+01
1.936416666666666742e+03,7.448000000000000398e+01
1.936500000000000000e+03,7.437999999999999545e+01
1.936583333333333258e+03,7.423000000000000398e+01
1.936666666666666742e+03,7.415999999999999659e+01
1.936750000000000000e+03,7.407999999999999829e+01
1.936833333333333258e+03,7.406000000000000227e+01
1.936916666666666742e+03,7.400000000000000000e+01
1.937000000000000000e+03,7.414000000000000057e+01
1.937083333333333258e+03,7.434000000000000341e+01
1.937166666666666742e+03,7.439000000000000057e+01
1.937250000000000000e+03,7.446999999999999886e+01
1.937333333333333258e+03,7.470000000000000284e+01
1.937416666666666742e+03,7.476999999999999602e+01
1.937500000000000000e+03,7.476000000000000512e+01
1.937583333333333258e+03,7.468999999999999773e+01
1.937666666666666742e+03,7.454999999999999716e+01
1.937750000000000000e+03,7.440000000000000568e+01
1.937833333333333258e+03,7.440000000000000568e+01
1.937916666666666742e+03,7.434000000000000341e+01
1.938000000000000000e+03,7.428000000000000114e+01
1.938083333333333258e+03,7.437999999999999545e+01
1.938166666666666742e+03,7.454000000000000625e+01
1.938250000000000000e+03,7.470000000000000284e+01
1.938333333333333258e+03,7.473999999999999488e+01
1.938416666666666742e+03,7.471999999999999886e+01
1.938500000000000000e+03,7.465999999999999659e+01
1.938583333333333258e+03,7.464000000000000057e+01
1.938666666666666742e+03,7.451999999999999602e+01
1.938750000000000000e+03,7.445999999999999375e+01
1.938833333333333258e+03,7.435999999999999943e+01
1.938916666666666742e+03,7.426999999999999602e+01
1.939000000000000000e+03,7.423999999999999488e+01
1.939083333333333258e+03,7.426000000000000512e+01
1.939166666666666742e+03,7.442000000000000171e+01
1.939250000000000000e+03,7.468000000000000682e+01
1.939333333333333258e+03,7.479999999999999716e+01
1.939416666666666742e+03,7.478000000000000114e+01
1.939500000000000000e+03,7.473999999999999488e+01
1.939583333333333258e+03,7.465999999999999659e+01
1.939666666666666742e+03,7.451000000000000512e+01
1.939750000000000000e+03,7.437999999999999545e+01
1.939833333333333258e+03,7.426000000000000512e+01
1.939916666666666742e+03,7.418000000000000682e+01
1.940000000000000000e+03,7.412000000000000455e+01
1.940083333333333258e+03,7.407999999999999829e+01
1.940166666666666742e+03,7.407999999999999829e+01
1.940250000000000000e+03,7.437000000000000455e+01
1.940333333333333258e+03,7.462000000000000455e+01
1.940416666666666742e+03,7.473000000000000398e+01
1.940500000000000000e+03,7.475000000000000000e+01
1.940583333333333258e+03,7.465999999999999659e+01
1.940666666666666742e+03,7.454000000000000625e+01
1.940750000000000000e+03,7.442000000000000171e+01
1.940833333333333258e+03,7.435999999999999943e+01
1.940916666666666742e+03,7.437999999999999545e+01
1.941000000000000000e+03,7.450000000000000000e+01
1.941083333333333258e+03,7.451999999999999602e+01
1.941166666666666742e+03,7.453000000000000114e+01
1.941250000000000000e+03,7.462000000000000455e+01
1.941333333333333258e+03,7.459999999999999432e+01
1.941416666666666742e+03,7.453000000000000114e+01
1.941500000000000000e+03,7.445999999999999375e+01
1.941583333333333258e+03,7.437000000000000455e+01
1.941666666666666742e+03,7.428000000000000114e+01
1.941750000000000000e+03,7.418000000000000682e+01
1.941833333333333258e+03,7.415999999999999659e+01
1.941916666666666742e+03,7.414000000000000057e+01
1.942000000000000000e+03,7.414000000000000057e+01
1.942083333333333258e+03,7.414000000000000057e+01
1.942166666666666742e+03,7.429999999999999716e+01
1.942250000000000000e+03,7.457999999999999829e+01
1.942333333333333258e+03,7.470000000000000284e+01
1.942416666666666742e+03,7.479000000000000625e+01
1.942500000000000000e+03,7.473999999999999488e+01
1.942583333333333258e+03,7.468999999999999773e+01
1.942666666666666742e+03,7.459999999999999432e+01
1.942750000000000000e+03,7.451999999999999602e+01
1.942833333333333258e+03,7.450000000000000000e+01
1.942916666666666742e+03,7.450000000000000000e+01
1.943000000000000000e+03,7.464000000000000057e+01
1.943083333333333258e+03,7.471999999999999886e+01
1.943166666666666742e+03,7.489000000000000057e+01
1.943250000000000000e+03,7.506000000000000227e+01
1.943333333333333258e+03,7.532999999999999829e+01
1.943416666666666742e+03,7.559999999999999432e+01
1.943500000000000000e+03,7.554000000000000625e+01
1.943583333333333258e+03,7.543999999999999773e+01
1.943666666666666742e+03,7.529000000000000625e+01
1.943750000000000000e+03,7.509999999999999432e+01
1.943833333333333258e+03,7.506000000000000227e+01
1.943916666666666742e+03,7.493999999999999773e+01
1.944000000000000000e+03,7.479999999999999716e+01
1.944083333333333258e+03,7.471999999999999886e+01
1.944166666666666742e+03,7.471999999999999886e+01
1.944250000000000000e+03,7.487999999999999545e+01
1.944333333333333258e+03,7.506000000000000227e+01
1.944416666666666742e+03,7.512000000000000455e+01
1.944500000000000000e+03,7.510999999999999943e+01
1.944583333333333258e+03,7.500000000000000000e+01
1.944666666666666742e+03,7.487999999999999545e+01
1.944750000000000000e+03,7.473000000000000398e+01
1.944833333333333258e+03,7.459000000000000341e+01
1.944916666666666742e+03,7.454000000000000625e+01
1.945000000000000000e+03,7.453000000000000114e+01
1.945083333333333258e+03,7.454000000000000625e+01
1.945166666666666742e+03,7.476000000000000512e+01
1.945250000000000000e+03,7.504000000000000625e+01
1.945333333333333258e+03,7.521999999999999886e+01
1.945416666666666742e+03,7.534000000000000341e+01
1.945500000000000000e+03,7.532999999999999829e+01
1.945583333333333258e+03,7.523999999999999488e+01
1.945666666666666742e+03,7.512000000000000455e+01
1.945750000000000000e+03,7.521999999999999886e+01
1.945833333333333258e+03,7.518000000000000682e+01
1.945916666666666742e+03,7.520000000000000284e+01
1.946000000000000000e+03,7.515999999999999659e+01
1.946083333333333258e+03,7.509999999999999432e+01
1.946166666666666742e+03,7.520000000000000284e+01
1.946250000000000000e+03,7.515999999999999659e+01
1.946333333333333258e+03,7.510999999999999943e+01
1.946416666666666742e+03,7.512999999999999545e+01
1.946500000000000000e+03,7.509999999999999432e+01
1.946583333333333258e+03,7.498000000000000398e+01
1.946666666666666742e+03,7.484000000000000341e+01
1.946750000000000000e+03,7.476000000000000512e+01
1.946833333333333258e+03,7.471999999999999886e+01
1.946916666666666742e+03,7.465999999999999659e+01
1.947000000000000000e+03,7.468000000000000682e+01
1.947083333333333258e+03,7.478000000000000114e+01
1.947166666666666742e+03,7.479999999999999716e+01
1.947250000000000000e+03,7.506999999999999318e+01
1.947333333333333258e+03,7.528000000000000114e+01
1.947416666666666742e+03,7.562999999999999545e+01
1.947500000000000000e+03,7.565999999999999659e+01
1.947583333333333258e+03,7.557999999999999829e+01
1.947666666666666742e+03,7.540999999999999659e+01
1.947750000000000000e+03,7.518000000000000682e+01
1.947833333333333258e+03,7.501999999999999602e+01
1.947916666666666742e+03,7.493999999999999773e+01
1.948000000000000000e+03,7.485999999999999943e+01
1.948083333333333258e+03,7.484000000000000341e+01
1.948166666666666742e+03,7.501999999999999602e+01
1.948250000000000000e+03,7.531999999999999318e+01
1.948333333333333258e+03,7.542000000000000171e+01
1.948416666666666742e+03,7.545999999999999375e+01
1.948500000000000000e+03,7.537999999999999545e+01
1.948583333333333258e+03,7.523999999999999488e+01
1.948666666666666742e+03,7.504999999999999716e+01
1.948750000000000000e+03,7.487999999999999545e+01
1.948833333333333258e+03,7.478000000000000114e+01
1.948916666666666742e+03,7.471999999999999886e+01
1.949000000000000000e+03,7.473999999999999488e+01
1.949083333333333258e+03,7.484000000000000341e+01
1.949166666666666742e+03,7.493999999999999773e+01
1.949250000000000000e+03,7.503000000000000114e+01
1.949333333333333258e+03,7.506000000000000227e+01
1.949416666666666742e+03,7.498000000000000398e+01
1.949500000000000000e+03,7.484999999999999432e+01
1.949583333333333258e+03,7.470000000000000284e+01
1.949666666666666742e+03,7.456999999999999318e+01
1.949750000000000000e+03,7.448000000000000398e+01
1.949833333333333258e+03,7.435999999999999943e+01
1.949916666666666742e+03,7.434000000000000341e+01
1.950000000000000000e+03,7.451999999999999602e+01
1.950083333333333258e+03,7.468000000000000682e+01
1.950166666666666742e+03,7.478000000000000114e+01
1.950250000000000000e+03,7.509999999999999432e+01
1.950333333333333258e+03,7.517000000000000171e+01
1.950416666666666742e+03,7.515000000000000568e+01
1.950500000000000000e+03,7.509000000000000341e+01
1.950583333333333258e+03,7.498999999999999488e+01
1.950666666666666742e+03,7.487999999999999545e+01
1.950750000000000000e+03,7.478000000000000114e+01
1.950833333333333258e+03,7.473999999999999488e+01
1.950916666666666742e+03,7.481999999999999318e+01
1.951000000000000000e+03,7.489000000000000057e+01
1.951083333333333258e+03,7.498000000000000398e+01
1.951166666666666742e+03,7.518000000000000682e+01
1.951250000000000000e+03,7.546999999999999886e+01
1.951333333333333258e+03,7.562000000000000455e+01
1.951416666666666742e+03,7.559000000000000341e+01
1.951500000000000000e+03,7.556000000000000227e+01
1.951583333333333258e+03,7.539000000000000057e+01
1.951666666666666742e+03,7.523999999999999488e+01
1.951750000000000000e+03,7.506000000000000227e+01
1.951833333333333258e+03,7.498000000000000398e+01
1.951916666666666742e+03,7.500000000000000000e+01
1.952000000000000000e+03,7.509999999999999432e+01
1.952083333333333258e+03,7.526999999999999602e+01
1.952166666666666742e+03,7.537000000000000455e+01
1.952250000000000000e+03,7.562000000000000455e+01
1.952333333333333258e+03,7.571999999999999886e+01
1.952416666666666742e+03,7.576000000000000512e+01
1.952500000000000000e+03,7.564000000000000057e+01
1.952583333333333258e+03,7.548000000000000398e+01
1.952666666666666742e+03,7.531999999999999318e+01
1.952750000000000000e+03,7.515000000000000568e+01
1.952833333333333258e+03,7.498000000000000398e+01
1.952916666666666742e+03,7.498000000000000398e+01
1.953000000000000000e+03,7.493999999999999773e+01
1.953083333333333258e+03,7.493999999999999773e+01
1.953166666666666742e+03,7.500000000000000000e+01
1.953250000000000000e+03,7.517000000000000171e+01
1.953333333333333258e+03,7.529999999999999716e+01
1.953416666666666742e+03,7.534000000000000341e+01
1.953500000000000000e+03,7.523000000000000398e+01
1.953583333333333258e+03,7.512000000000000455e+01
1.953666666666666742e+03,7.498000000000000398e+01
1.953750000000000000e+03,7.481999999999999318e+01
1.953833333333333258e+03,7.468999999999999773e+01
1.953916666666666742e+03,7.465000000000000568e+01
1.954000000000000000e+03,7.462000000000000455e+01
1.954083333333333258e+03,7.468000000000000682e+01
1.954166666666666742e+03,7.489000000000000057e+01
1.954250000000000000e+03,7.509000000000000341e+01
1.954333333333333258e+03,7.531999999999999318e+01
1.954416666666666742e+03,7.529999999999999716e+01
1.954500000000000000e+03,7.518000000000000682e+01
1.954583333333333258e+03,7.501999999999999602e+01
1.954666666666666742e+03,7.492000000000000171e+01
1.954750000000000000e+03,7.490000000000000568e+01
1.954833333333333258e+03,7.492000000000000171e+01
1.954916666666666742e+03,7.493999999999999773e+01
1.955000000000000000e+03,7.501999999999999602e+01
1.955083333333333258e+03,7.498000000000000398e+01
1.955166666666666742e+03,7.518000000000000682e+01
1.955250000000000000e+03,7.543999999999999773e+01
1.955333333333333258e+03,7.548999999999999488e+01
1.955416666666666742e+03,7.542000000000000171e+01
1.955500000000000000e+03,7.526999999999999602e+01
1.955583333333333258e+03,7.514000000000000057e+01
1.955666666666666742e+03,7.498000000000000398e+01
1.955750000000000000e+03,7.493999999999999773e+01
1.955833333333333258e+03,7.498000000000000398e+01
1.955916666666666742e+03,7.490999999999999659e+01
1.956000000000000000e+03,7.478000000000000114e+01
1.956083333333333258e+03,7.468999999999999773e+01
1.956166666666666742e+03,7.476000000000000512e+01
1.956250000000000000e+03,7.495000000000000284e+01
1.956333333333333258e+03,7.523000000000000398e+01
1.956416666666666742e+03,7.529999999999999716e+01
1.956500000000000000e+03,7.520000000000000284e+01
1.956583333333333258e+03,7.506000000000000227e+01
1.956666666666666742e+03,7.498999999999999488e+01
1.956750000000000000e+03,7.481999999999999318e+01
1.956833333333333258e+03,7.468000000000000682e+01
1.956916666666666742e+03,7.459999999999999432e+01
1.957000000000000000e+03,7.454999999999999716e+01
1.957083333333333258e+03,7.456000000000000227e+01
1.957166666666666742e+03,7.460999999999999943e+01
1.957250000000000000e+03,7.470000000000000284e+01
1.957333333333333258e+03,7.478000000000000114e+01
1.957416666666666742e+03,7.484000000000000341e+01
1.957500000000000000e+03,7.487999999999999545e+01
1.957583333333333258e+03,7.478000000000000114e+01
1.957666666666666742e+03,7.465000000000000568e+01
1.957750000000000000e+03,7.450000000000000000e+01
1.957833333333333258e+03,7.437999999999999545e+01
1.957916666666666742e+03,7.437000000000000455e+01
1.958000000000000000e+03,7.442000000000000171e+01
1.958083333333333258e+03,7.437999999999999545e+01
1.958166666666666742e+03,7.445000000000000284e+01
1.958250000000000000e+03,7.454999999999999716e+01
1.958333333333333258e+03,7.459999999999999432e+01
1.958416666666666742e+03,7.459000000000000341e+01
1.958500000000000000e+03,7.454000000000000625e+01
1.958583333333333258e+03,7.445999999999999375e+01
1.958666666666666742e+03,7.439000000000000057e+01
1.958750000000000000e+03,7.431999999999999318e+01
1.958833333333333258e+03,7.425000000000000000e+01
1.958916666666666742e+03,7.418999999999999773e+01
1.959000000000000000e+03,7.415999999999999659e+01
1.959083333333333258e+03,7.429999999999999716e+01
1.959166666666666742e+03,7.445999999999999375e+01
1.959250000000000000e+03,7.479000000000000625e+01
1.959333333333333258e+03,7.485999999999999943e+01
1.959416666666666742e+03,7.479999999999999716e+01
1.959500000000000000e+03,7.468999999999999773e+01
1.959583333333333258e+03,7.451000000000000512e+01
1.959666666666666742e+03,7.434000000000000341e+01
1.959750000000000000e+03,7.425000000000000000e+01
1.959833333333333258e+03,7.421999999999999886e+01
1.959916666666666742e+03,7.431999999999999318e+01
1.960000000000000000e+03,7.445000000000000284e+01
1.960083333333333258e+03,7.456000000000000227e+01
1.960166666666666742e+03,7.459000000000000341e+01
1.960250000000000000e+03,7.487000000000000455e+01
1.960333333333333258e+03,7.510999999999999943e+01
1.960416666666666742e+03,7.514000000000000057e+01
1.960500000000000000e+03,7.500000000000000000e+01
1.960583333333333258e+03,7.479999999999999716e+01
1.960666666666666742e+03,7.460999999999999943e+01
1.960750000000000000e+03,7.450000000000000000e+01
1.960833333333333258e+03,7.448999999999999488e+01
1.960916666666666742e+03,7.443000000000000682e+01
1.961000000000000000e+03,7.432999999999999829e+01
1.961083333333333258e+03,7.423000000000000398e+01
1.961166666666666742e+03,7.443000000000000682e+01
1.961250000000000000e+03,7.465999999999999659e+01
1.961333333333333258e+03,7.493999999999999773e+01
1.961416666666666742e+03,7.500000000000000000e+01
1.961500000000000000e+03,7.495999999999999375e+01
1.961583333333333258e+03,7.481999999999999318e+01
1.961666666666666742e+03,7.468999999999999773e+01
1.961750000000000000e+03,7.451999999999999602e+01
1.961833333333333258e+03,7.440000000000000568e+01
1.961916666666666742e+03,7.437999999999999545e+01
1.962000000000000000e+03,7.432999999999999829e+01
1.962083333333333258e+03,7.426999999999999602e+01
1.962166666666666742e+03,7.431999999999999318e+01
1.962250000000000000e+03,7.462000000000000455e+01
1.962333333333333258e+03,7.484999999999999432e+01
1.962416666666666742e+03,7.493000000000000682e+01
1.962500000000000000e+03,7.487999999999999545e+01
1.962583333333333258e+03,7.484999999999999432e+01
1.962666666666666742e+03,7.473999999999999488e+01
1.962750000000000000e+03,7.468999999999999773e+01
1.962833333333333258e+03,7.462000000000000455e+01
1.962916666666666742e+03,7.459999999999999432e+01
1.963000000000000000e+03,7.448999999999999488e+01
1.963083333333333258e+03,7.432999999999999829e+01
1.963166666666666742e+03,7.431000000000000227e+01
1.963250000000000000e+03,7.465000000000000568e+01
1.963333333333333258e+03,7.492000000000000171e+01
1.963416666666666742e+03,7.506000000000000227e+01
1.963500000000000000e+03,7.501999999999999602e+01
1.963583333333333258e+03,7.495999999999999375e+01
1.963666666666666742e+03,7.479999999999999716e+01
1.963750000000000000e+03,7.457999999999999829e+01
1.963833333333333258e+03,7.440999999999999659e+01
1.963916666666666742e+03,7.432999999999999829e+01
1.964000000000000000e+03,7.418000000000000682e+01
1.964083333333333258e+03,7.401999999999999602e+01
1.964166666666666742e+03,7.401999999999999602e+01
1.964250000000000000e+03,7.426999999999999602e+01
1.964333333333333258e+03,7.454000000000000625e+01
1.964416666666666742e+03,7.467000000000000171e+01
1.964500000000000000e+03,7.468000000000000682e+01
1.964583333333333258e+03,7.456999999999999318e+01
1.964666666666666742e+03,7.443000000000000682e+01
1.964750000000000000e+03,7.420000000000000284e+01
1.964833333333333258e+03,7.400000000000000000e+01
1.964916666666666742e+03,7.385999999999999943e+01
1.965000000000000000e+03,7.382999999999999829e+01
1.965083333333333258e+03,7.387999999999999545e+01
1.965166666666666742e+03,7.404000000000000625e+01
1.965250000000000000e+03,7.425000000000000000e+01
1.965333333333333258e+03,7.451000000000000512e+01
1.965416666666666742e+03,7.462999999999999545e+01
1.965500000000000000e+03,7.470999999999999375e+01
1.965583333333333258e+03,7.465999999999999659e+01
1.965666666666666742e+03,7.459999999999999432e+01
1.965750000000000000e+03,7.454000000000000625e+01
1.965833333333333258e+03,7.451999999999999602e+01
1.965916666666666742e+03,7.457999999999999829e+01
1.966000000000000000e+03,7.456000000000000227e+01
1.966083333333333258e+03,7.453000000000000114e+01
1.966166666666666742e+03,7.465999999999999659e+01
1.966250000000000000e+03,7.473999999999999488e+01
1.966333333333333258e+03,7.479000000000000625e+01
1.966416666666666742e+03,7.490999999999999659e+01
1.966500000000000000e+03,7.490000000000000568e+01
1.966583333333333258e+03,7.481999999999999318e+01
1.966666666666666742e+03,7.471999999999999886e+01
1.966750000000000000e+03,7.457999999999999829e+01
1.966833333333333258e+03,7.450000000000000000e+01
1.966916666666666742e+03,7.456999999999999318e+01
1.967000000000000000e+03,7.459000000000000341e+01
1.967083333333333258e+03,7.459999999999999432e+01
1.967166666666666742e+03,7.453000000000000114e+01
1.967250000000000000e+03,7.476999999999999602e+01
1.967333333333333258e+03,7.496999999999999886e+01
1.967416666666666742e+03,7.509000000000000341e+01
1.967500000000000000e+03,7.515000000000000568e+01
1.967583333333333258e+03,7.509999999999999432e+01
1.967666666666666742e+03,7.495999999999999375e+01
1.967750000000000000e+03,7.490000000000000568e+01
1.967833333333333258e+03,7.487000000000000455e+01
1.967916666666666742e+03,7.476999999999999602e+01
1.968000000000000000e+03,7.467000000000000171e+01
1.968083333333333258e+03,7.468999999999999773e+01
1.968166666666666742e+03,7.470000000000000284e+01
1.968250000000000000e+03,7.490000000000000568e+01
1.968333333333333258e+03,7.490000000000000568e+01
1.968416666666666742e+03,7.501999999999999602e+01
1.968500000000000000e+03,7.507999999999999829e+01
1.968583333333333258e+03,7.498000000000000398e+01
1.968666666666666742e+03,7.485999999999999943e+01
1.968750000000000000e+03,7.465999999999999659e+01
1.968833333333333258e+03,7.453000000000000114e+01
1.968916666666666742e+03,7.459999999999999432e+01
1.969000000000000000e+03,7.462000000000000455e+01
1.969083333333333258e+03,7.468999999999999773e+01
1.969166666666666742e+03,7.462000000000000455e+01
1.969250000000000000e+03,7.481000000000000227e+01
1.969333333333333258e+03,7.501999999999999602e+01
1.969416666666666742e+03,7.515000000000000568e+01
1.969500000000000000e+03,7.507999999999999829e+01
1.969583333333333258e+03,7.493000000000000682e+01
1.969666666666666742e+03,7.468000000000000682e+01
1.969750000000000000e+03,7.450000000000000000e+01
1.969833333333333258e+03,7.445000000000000284e+01
1.969916666666666742e+03,7.443999999999999773e+01
1.970000000000000000e+03,7.442000000000000171e+01
1.970083333333333258e+03,7.443999999999999773e+01
1.970166666666666742e+03,7.445999999999999375e+01
1.970250000000000000e+03,7.468999999999999773e+01
1.970333333333333258e+03,7.489000000000000057e+01
1.970416666666666742e+03,7.493999999999999773e+01
1.970500000000000000e+03,7.498999999999999488e+01
1.970583333333333258e+03,7.490000000000000568e+01
1.970666666666666742e+03,7.473999999999999488e+01
1.970750000000000000e+03,7.464000000000000057e+01
1.970833333333333258e+03,7.456000000000000227e+01
1.970916666666666742e+03,7.456000000000000227e+01
1.971000000000000000e+03,7.457999999999999829e+01
1.971083333333333258e+03,7.456999999999999318e+01
1.971166666666666742e+03,7.470999999999999375e+01
1.971250000000000000e+03,7.487000000000000455e+01
1.971333333333333258e+03,7.501999999999999602e+01
1.971416666666666742e+03,7.498000000000000398e+01
1.971500000000000000e+03,7.493000000000000682e+01
1.971583333333333258e+03,7.481999999999999318e+01
1.971666666666666742e+03,7.473999999999999488e+01
1.971750000000000000e+03,7.459000000000000341e+01
1.971833333333333258e+03,7.443999999999999773e+01
1.971916666666666742e+03,7.443000000000000682e+01
1.972000000000000000e+03,7.454000000000000625e+01
1.972083333333333258e+03,7.462999999999999545e+01
1.972166666666666742e+03,7.473000000000000398e+01
1.972250000000000000e+03,7.495000000000000284e+01
1.972333333333333258e+03,7.520999999999999375e+01
1.972416666666666742e+03,7.526000000000000512e+01
1.972500000000000000e+03,7.534000000000000341e+01
1.972583333333333258e+03,7.525000000000000000e+01
1.972666666666666742e+03,7.501999999999999602e+01
1.972750000000000000e+03,7.478000000000000114e+01
1.972833333333333258e+03,7.470999999999999375e+01
1.972916666666666742e+03,7.479999999999999716e+01
1.973000000000000000e+03,7.504999999999999716e+01
1.973083333333333258e+03,7.520999999999999375e+01
1.973166666666666742e+03,7.532999999999999829e+01
1.973250000000000000e+03,7.565000000000000568e+01
1.973333333333333258e+03,7.573000000000000398e+01
1.973416666666666742e+03,7.570000000000000284e+01
1.973500000000000000e+03,7.551999999999999602e+01
1.973583333333333258e+03,7.526999999999999602e+01
1.973666666666666742e+03,7.501000000000000512e+01
1.973750000000000000e+03,7.478000000000000114e+01
1.973833333333333258e+03,7.464000000000000057e+01
1.973916666666666742e+03,7.462999999999999545e+01
1.974000000000000000e+03,7.482999999999999829e+01
1.974083333333333258e+03,7.501999999999999602e+01
1.974166666666666742e+03,7.509999999999999432e+01
1.974250000000000000e+03,7.529000000000000625e+01
1.974333333333333258e+03,7.550000000000000000e+01
1.974416666666666742e+03,7.559000000000000341e+01
1.974500000000000000e+03,7.550000000000000000e+01
1.974583333333333258e+03,7.525000000000000000e+01
1.974666666666666742e+03,7.495999999999999375e+01
1.974750000000000000e+03,7.468000000000000682e+01
1.974833333333333258e+03,7.453000000000000114e+01
1.974916666666666742e+03,7.454000000000000625e+01
1.975000000000000000e+03,7.456000000000000227e+01
1.975083333333333258e+03,7.470999999999999375e+01
1.975166666666666742e+03,7.484000000000000341e+01
1.975250000000000000e+03,7.501000000000000512e+01
1.975333333333333258e+03,7.509999999999999432e+01
1.975416666666666742e+03,7.509999999999999432e+01
1.975500000000000000e+03,7.498000000000000398e+01
1.975583333333333258e+03,7.482999999999999829e+01
1.975666666666666742e+03,7.473000000000000398e+01
1.975750000000000000e+03,7.470000000000000284e+01
1.975833333333333258e+03,7.459999999999999432e+01
1.975916666666666742e+03,7.456000000000000227e+01
1.976000000000000000e+03,7.462000000000000455e+01
1.976083333333333258e+03,7.470999999999999375e+01
1.976166666666666742e+03,7.506999999999999318e+01
1.976250000000000000e+03,7.537000000000000455e+01
1.976333333333333258e+03,7.554000000000000625e+01
1.976416666666666742e+03,7.554000000000000625e+01
1.976500000000000000e+03,7.542000000000000171e+01
1.976583333333333258e+03,7.521999999999999886e+01
1.976666666666666742e+03,7.500000000000000000e+01
1.976750000000000000e+03,7.482999999999999829e+01
1.976833333333333258e+03,7.467000000000000171e+01
1.976916666666666742e+03,7.454000000000000625e+01
1.977000000000000000e+03,7.450000000000000000e+01
1.977083333333333258e+03,7.443999999999999773e+01
1.977166666666666742e+03,7.462000000000000455e+01
1.977250000000000000e+03,7.485999999999999943e+01
1.977333333333333258e+03,7.490000000000000568e+01
1.977416666666666742e+03,7.481999999999999318e+01
1.977500000000000000e+03,7.484999999999999432e+01
1.977583333333333258e+03,7.485999999999999943e+01
1.977666666666666742e+03,7.481999999999999318e+01
1.977750000000000000e+03,7.482999999999999829e+01
1.977833333333333258e+03,7.475000000000000000e+01
1.977916666666666742e+03,7.484999999999999432e+01
1.978000000000000000e+03,7.507999999999999829e+01
1.978083333333333258e+03,7.512000000000000455e+01
1.978166666666666742e+03,7.498000000000000398e+01
1.978250000000000000e+03,7.521999999999999886e+01
1.978333333333333258e+03,7.531999999999999318e+01
1.978416666666666742e+03,7.523000000000000398e+01
1.978500000000000000e+03,7.504000000000000625e+01
1.978583333333333258e+03,7.489000000000000057e+01
1.978666666666666742e+03,7.473000000000000398e+01
1.978750000000000000e+03,7.457999999999999829e+01
1.978833333333333258e+03,7.443999999999999773e+01
1.978916666666666742e+03,7.442000000000000171e+01
1.979000000000000000e+03,7.459000000000000341e+01
1.979083333333333258e+03,7.464000000000000057e+01
1.979166666666666742e+03,7.476999999999999602e+01
1.979250000000000000e+03,7.504999999999999716e+01
1.979333333333333258e+03,7.515999999999999659e+01
1.979416666666666742e+03,7.512999999999999545e+01
1.979500000000000000e+03,7.501999999999999602e+01
1.979583333333333258e+03,7.492000000000000171e+01
1.979666666666666742e+03,7.485999999999999943e+01
1.979750000000000000e+03,7.475000000000000000e+01
1.979833333333333258e+03,7.460999999999999943e+01
1.979916666666666742e+03,7.457999999999999829e+01
1.980000000000000000e+03,7.459999999999999432e+01
1.980083333333333258e+03,7.460999999999999943e+01
1.980166666666666742e+03,7.459999999999999432e+01
1.980250000000000000e+03,7.498999999999999488e+01
1.980333333333333258e+03,7.514000000000000057e+01
1.980416666666666742e+03,7.512999999999999545e+01
1.980500000000000000e+03,7.512000000000000455e+01
1.980583333333333258e+03,7.506000000000000227e+01
1.980666666666666742e+03,7.487999999999999545e+01
1.980750000000000000e+03,7.465999999999999659e+01
1.980833333333333258e+03,7.454999999999999716e+01
1.980916666666666742e+03,7.454000000000000625e+01
1.981000000000000000e+03,7.451000000000000512e+01
1.981083333333333258e+03,7.451000000000000512e+01
1.981166666666666742e+03,7.475000000000000000e+01
1.981250000000000000e+03,7.473999999999999488e+01
1.981333333333333258e+03,7.484000000000000341e+01
1.981416666666666742e+03,7.495000000000000284e+01
1.981500000000000000e+03,7.501000000000000512e+01
1.981583333333333258e+03,7.498000000000000398e+01
1.981666666666666742e+03,7.493000000000000682e+01
1.981750000000000000e+03,7.479999999999999716e+01
1.981833333333333258e+03,7.476000000000000512e+01
1.981916666666666742e+03,7.465000000000000568e+01
1.982000000000000000e+03,7.459000000000000341e+01
1.982083333333333258e+03,7.459999999999999432e+01
1.982166666666666742e+03,7.462000000000000455e+01
1.982250000000000000e+03,7.490999999999999659e+01
1.982333333333333258e+03,7.500000000000000000e+01
1.982416666666666742e+03,7.506999999999999318e+01
1.982500000000000000e+03,7.503000000000000114e+01
1.982583333333333258e+03,7.484999999999999432e+01
1.982666666666666742e+03,7.470999999999999375e+01
1.982750000000000000e+03,7.457999999999999829e+01
1.982833333333333258e+03,7.453000000000000114e+01
1.982916666666666742e+03,7.454000000000000625e+01
1.983000000000000000e+03,7.464000000000000057e+01
1.983083333333333258e+03,7.476000000000000512e+01
1.983166666666666742e+03,7.476999999999999602e+01
1.983250000000000000e+03,7.487000000000000455e+01
1.983333333333333258e+03,7.515000000000000568e+01
1.983416666666666742e+03,7.517000000000000171e+01
1.983500000000000000e+03,7.500000000000000000e+01
1.983583333333333258e+03,7.492000000000000171e+01
1.983666666666666742e+03,7.479000000000000625e+01
1.983750000000000000e+03,7.464000000000000057e+01
1.983833333333333258e+03,7.453000000000000114e+01
1.983916666666666742e+03,7.462000000000000455e+01
1.984000000000000000e+03,7.473000000000000398e+01
1.984083333333333258e+03,7.476000000000000512e+01
1.984166666666666742e+03,7.490000000000000568e+01
1.984250000000000000e+03,7.512000000000000455e+01
1.984333333333333258e+03,7.529999999999999716e+01
1.984416666666666742e+03,7.531999999999999318e+01
1.984500000000000000e+03,7.520999999999999375e+01
1.984583333333333258e+03,7.501999999999999602e+01
1.984666666666666742e+03,7.481999999999999318e+01
1.984750000000000000e+03,7.462999999999999545e+01
1.984833333333333258e+03,7.451999999999999602e+01
1.984916666666666742e+03,7.448999999999999488e+01
1.985000000000000000e+03,7.465999999999999659e+01
1.985083333333333258e+03,7.462999999999999545e+01
1.985166666666666742e+03,7.485999999999999943e+01
1.985250000000000000e+03,7.509000000000000341e+01
1.985333333333333258e+03,7.518000000000000682e+01
1.985416666666666742e+03,7.517000000000000171e+01
1.985500000000000000e+03,7.510999999999999943e+01
1.985583333333333258e+03,7.493000000000000682e+01
1.985666666666666742e+03,7.479999999999999716e+01
1.985750000000000000e+03,7.464000000000000057e+01
1.985833333333333258e+03,7.467000000000000171e+01
1.985916666666666742e+03,7.479000000000000625e+01
1.986000000000000000e+03,7.490000000000000568e+01
1.986083333333333258e+03,7.498000000000000398e+01
1.986166666666666742e+03,7.506000000000000227e+01
1.986250000000000000e+03,7.529000000000000625e+01
1.986333333333333258e+03,7.529000000000000625e+01
1.986416666666666742e+03,7.534000000000000341e+01
1.986500000000000000e+03,7.532999999999999829e+01
1.986583333333333258e+03,7.525000000000000000e+01
1.986666666666666742e+03,7.510999999999999943e+01
1.986750000000000000e+03,7.515999999999999659e+01
1.986833333333333258e+03,7.504000000000000625e+01
1.986916666666666742e+03,7.501999999999999602e+01
1.987000000000000000e+03,7.500000000000000000e+01
1.987083333333333258e+03,7.504000000000000625e+01
1.987166666666666742e+03,7.500000000000000000e+01
1.987250000000000000e+03,7.520999999999999375e+01
1.987333333333333258e+03,7.512999999999999545e+01
1.987416666666666742e+03,7.501999999999999602e+01
1.987500000000000000e+03,7.493000000000000682e+01
1.987583333333333258e+03,7.475000000000000000e+01
1.987666666666666742e+03,7.462000000000000455e+01
1.987750000000000000e+03,7.451000000000000512e+01
1.987833333333333258e+03,7.443999999999999773e+01
1.987916666666666742e+03,7.454000000000000625e+01
1.988000000000000000e+03,7.453000000000000114e+01
1.988083333333333258e+03,7.459000000000000341e+01
1.988166666666666742e+03,7.459000000000000341e+01
1.988250000000000000e+03,7.475000000000000000e+01
1.988333333333333258e+03,7.487999999999999545e+01
1.988416666666666742e+03,7.492000000000000171e+01
1.988500000000000000e+03,7.485999999999999943e+01
1.988583333333333258e+03,7.479999999999999716e+01
1.988666666666666742e+03,7.468000000000000682e+01
1.988750000000000000e+03,7.456000000000000227e+01
1.988833333333333258e+03,7.454000000000000625e+01
1.988916666666666742e+03,7.445999999999999375e+01
1.989000000000000000e+03,7.442000000000000171e+01
1.989083333333333258e+03,7.443000000000000682e+01
1.989166666666666742e+03,7.439000000000000057e+01
1.989250000000000000e+03,7.470000000000000284e+01
1.989333333333333258e+03,7.498999999999999488e+01
1.989416666666666742e+03,7.521999999999999886e+01
1.989500000000000000e+03,7.518999999999999773e+01
1.989583333333333258e+03,7.501999999999999602e+01
1.989666666666666742e+03,7.484000000000000341e+01
1.989750000000000000e+03,7.470000000000000284e+01
1.989833333333333258e+03,7.465000000000000568e+01
1.989916666666666742e+03,7.457999999999999829e+01
1.990000000000000000e+03,7.454000000000000625e+01
1.990083333333333258e+03,7.462000000000000455e+01
1.990166666666666742e+03,7.476999999999999602e+01
1.990250000000000000e+03,7.498000000000000398e+01
1.990333333333333258e+03,7.510999999999999943e+01
1.990416666666666742e+03,7.514000000000000057e+01
1.990500000000000000e+03,7.501000000000000512e+01
1.990583333333333258e+03,7.487000000000000455e+01
1.990666666666666742e+03,7.470000000000000284e+01
1.990750000000000000e+03,7.464000000000000057e+01
1.990833333333333258e+03,7.462000000000000455e+01
1.990916666666666742e+03,7.465000000000000568e+01
1.991000000000000000e+03,7.493000000000000682e+01
1.991083333333333258e+03,7.500000000000000000e+01
1.991166666666666742e+03,7.506000000000000227e+01
1.991250000000000000e+03,7.520000000000000284e+01
1.991333333333333258e+03,7.529000000000000625e+01
1.991416666666666742e+03,7.518000000000000682e+01
1.991500000000000000e+03,7.504000000000000625e+01
1.991583333333333258e+03,7.485999999999999943e+01
1.991666666666666742e+03,7.464000000000000057e+01
1.991750000000000000e+03,7.448999999999999488e+01
1.991833333333333258e+03,7.435999999999999943e+01
1.991916666666666742e+03,7.439000000000000057e+01
1.992000000000000000e+03,7.443999999999999773e+01
1.992083333333333258e+03,7.445000000000000284e+01
1.992166666666666742e+03,7.456000000000000227e+01
1.992250000000000000e+03,7.484000000000000341e+01
1.992333333333333258e+03,7.510999999999999943e+01
1.992416666666666742e+03,7.504999999999999716e+01
1.992500000000000000e+03,7.500000000000000000e+01
1.992583333333333258e+03,7.503000000000000114e+01
1.992666666666666742e+03,7.498000000000000398e+01
1.992750000000000000e+03,7.484999999999999432e+01
1.992833333333333258e+03,7.481999999999999318e+01
1.992916666666666742e+03,7.485999999999999943e+01
1.993000000000000000e+03,7.504000000000000625e+01
1.993083333333333258e+03,7.515999999999999659e+01
1.993166666666666742e+03,7.514000000000000057e+01
1.993250000000000000e+03,7.542000000000000171e+01
1.993333333333333258e+03,7.560999999999999943e+01
1.993416666666666742e+03,7.545999999999999375e+01
1.993500000000000000e+03,7.523999999999999488e+01
1.993583333333333258e+03,7.501000000000000512e+01
1.993666666666666742e+03,7.475000000000000000e+01
1.993750000000000000e+03,7.459999999999999432e+01
1.993833333333333258e+03,7.451999999999999602e+01
1.993916666666666742e+03,7.456000000000000227e+01
1.994000000000000000e+03,7.454999999999999716e+01
1.994083333333333258e+03,7.451999999999999602e+01
1.994166666666666742e+03,7.454999999999999716e+01
1.994250000000000000e+03,7.487000000000000455e+01
1.994333333333333258e+03,7.509999999999999432e+01
1.994416666666666742e+03,7.507999999999999829e+01
1.994500000000000000e+03,7.501999999999999602e+01
1.994583333333333258e+03,7.493000000000000682e+01
1.994666666666666742e+03,7.478000000000000114e+01
1.994750000000000000e+03,7.462000000000000455e+01
1.994833333333333258e+03,7.454000000000000625e+01
1.994916666666666742e+03,7.450000000000000000e+01
1.995000000000000000e+03,7.454000000000000625e+01
1.995083333333333258e+03,7.471999999999999886e+01
1.995166666666666742e+03,7.471999999999999886e+01
1.995250000000000000e+03,7.470000000000000284e+01
1.995333333333333258e+03,7.479999999999999716e+01
1.995416666666666742e+03,7.490000000000000568e+01
1.995500000000000000e+03,7.490999999999999659e+01
1.995583333333333258e+03,7.487999999999999545e+01
1.995666666666666742e+03,7.470000000000000284e+01
1.995750000000000000e+03,7.465000000000000568e+01
1.995833333333333258e+03,7.470000000000000284e+01
1.995916666666666742e+03,7.465000000000000568e+01
1.996000000000000000e+03,7.462000000000000455e+01
1.996083333333333258e+03,7.475000000000000000e+01
1.996166666666666742e+03,7.476999999999999602e+01
1.996250000000000000e+03,7.481999999999999318e+01
1.996333333333333258e+03,7.512999999999999545e+01
1.996416666666666742e+03,7.523000000000000398e+01
1.996500000000000000e+03,7.515000000000000568e+01
1.996583333333333258e+03,7.498999999999999488e+01
1.996666666666666742e+03,7.482999999999999829e+01
1.996750000000000000e+03,7.473999999999999488e+01
1.996833333333333258e+03,7.471999999999999886e+01
1.996916666666666742e+03,7.473000000000000398e+01
1.997000000000000000e+03,7.481000000000000227e+01
1.997083333333333258e+03,7.490000000000000568e+01
1.997166666666666742e+03,7.501000000000000512e+01
1.997250000000000000e+03,7.517000000000000171e+01
1.997333333333333258e+03,7.532999999999999829e+01
1.997416666666666742e+03,7.529999999999999716e+01
1.997500000000000000e+03,7.518999999999999773e+01
1.997583333333333258e+03,7.501000000000000512e+01
1.997666666666666742e+03,7.487000000000000455e+01
1.997750000000000000e+03,7.473999999999999488e+01
1.997833333333333258e+03,7.462999999999999545e+01
1.997916666666666742e+03,7.459000000000000341e+01
1.998000000000000000e+03,7.481999999999999318e+01
1.998083333333333258e+03,7.506000000000000227e+01
1.998166666666666742e+03,7.515000000000000568e+01
1.998250000000000000e+03,7.542000000000000171e+01
1.998333333333333258e+03,7.534999999999999432e+01
1.998416666666666742e+03,7.518000000000000682e+01
1.998500000000000000e+03,7.514000000000000057e+01
1.998583333333333258e+03,7.493000000000000682e+01
1.998666666666666742e+03,7.473000000000000398e+01
1.998750000000000000e+03,7.451000000000000512e+01
1.998833333333333258e+03,7.434000000000000341e+01
1.998916666666666742e+03,7.429000000000000625e+01
1.999000000000000000e+03,7.431999999999999318e+01
1.999083333333333258e+03,7.443000000000000682e+01
1.999166666666666742e+03,7.450000000000000000e+01
1.999250000000000000e+03,7.462999999999999545e+01
1.999333333333333258e+03,7.470999999999999375e+01
1.999416666666666742e+03,7.478000000000000114e+01
1.999500000000000000e+03,7.481000000000000227e+01
1.999583333333333258e+03,7.473000000000000398e+01
1.999666666666666742e+03,7.457999999999999829e+01
1.999750000000000000e+03,7.446999999999999886e+01
1.999833333333333258e+03,7.443000000000000682e+01
1.999916666666666742e+03,7.446999999999999886e+01
2.000000000000000000e+03,7.450000000000000000e+01
2.000083333333333258e+03,7.445000000000000284e+01
2.000166666666666742e+03,7.457999999999999829e+01
2.000250000000000000e+03,7.481999999999999318e+01
2.000333333333333258e+03,7.509999999999999432e+01
2.000416666666666742e+03,7.526000000000000512e+01
2.000500000000000000e+03,7.523999999999999488e+01
2.000583333333333258e+03,7.506000000000000227e+01
2.000666666666666742e+03,7.481000000000000227e+01
2.000750000000000000e+03,7.460999999999999943e+01
2.000833333333333258e+03,7.445999999999999375e+01
2.000916666666666742e+03,7.446999999999999886e+01
2.001000000000000000e+03,7.448999999999999488e+01
2.001083333333333258e+03,7.454999999999999716e+01
2.001166666666666742e+03,7.465000000000000568e+01
2.001250000000000000e+03,7.484000000000000341e+01
2.001333333333333258e+03,7.493000000000000682e+01
2.001416666666666742e+03,7.498999999999999488e+01
2.001500000000000000e+03,7.496999999999999886e+01
2.001583333333333258e+03,7.481999999999999318e+01
2.001666666666666742e+03,7.462999999999999545e+01
2.001750000000000000e+03,7.453000000000000114e+01
2.001833333333333258e+03,7.446999999999999886e+01
2.001916666666666742e+03,7.451999999999999602e+01
2.002000000000000000e+03,7.456000000000000227e+01
2.002083333333333258e+03,7.468000000000000682e+01
2.002166666666666742e+03,7.479000000000000625e+01
2.002250000000000000e+03,7.498000000000000398e+01
2.002333333333333258e+03,7.521999999999999886e+01
2.002416666666666742e+03,7.532999999999999829e+01
2.002500000000000000e+03,7.518999999999999773e+01
2.002583333333333258e+03,7.490999999999999659e+01
2.002666666666666742e+03,7.465000000000000568e+01
2.002750000000000000e+03,7.448999999999999488e+01
2.002833333333333258e+03,7.435999999999999943e+01
2.002916666666666742e+03,7.431999999999999318e+01
2.003000000000000000e+03,7.432999999999999829e+01
2.003083333333333258e+03,7.429000000000000625e+01
2.003166666666666742e+03,7.434999999999999432e+01
2.003250000000000000e+03,7.473000000000000398e+01
2.003333333333333258e+03,7.495000000000000284e+01
2.003416666666666742e+03,7.512000000000000455e+01
2.003500000000000000e+03,7.504999999999999716e+01
2.003583333333333258e+03,7.498999999999999488e+01
2.003666666666666742e+03,7.475000000000000000e+01
2.003750000000000000e+03,7.462999999999999545e+01
2.003833333333333258e+03,7.464000000000000057e+01
2.003916666666666742e+03,7.473000000000000398e+01
2.004000000000000000e+03,7.482999999999999829e+01
2.004083333333333258e+03,7.475000000000000000e+01
2.004166666666666742e+03,7.471999999999999886e+01
2.004250000000000000e+03,7.489000000000000057e+01
2.004333333333333258e+03,7.504000000000000625e+01
2.004416666666666742e+03,7.514000000000000057e+01
2.004500000000000000e+03,7.509000000000000341e+01
2.004583333333333258e+03,7.501999999999999602e+01
2.004666666666666742e+03,7.495000000000000284e+01
2.004750000000000000e+03,7.470000000000000284e+01
2.004833333333333258e+03,7.450000000000000000e+01
2.004916666666666742e+03,7.454999999999999716e+01
2.005000000000000000e+03,7.473999999999999488e+01
2.005083333333333258e+03,7.484999999999999432e+01
2.005166666666666742e+03,7.484000000000000341e+01
2.005250000000000000e+03,7.503000000000000114e+01
2.005333333333333258e+03,7.510999999999999943e+01
2.005416666666666742e+03,7.501999999999999602e+01
2.005500000000000000e+03,7.493999999999999773e+01
2.005583333333333258e+03,7.479000000000000625e+01
2.005666666666666742e+03,7.468999999999999773e+01
2.005750000000000000e+03,7.459999999999999432e+01
2.005833333333333258e+03,7.457999999999999829e+01
2.005916666666666742e+03,7.454999999999999716e+01
2.006000000000000000e+03,7.462999999999999545e+01
2.006083333333333258e+03,7.485999999999999943e+01
2.006166666666666742e+03,7.481999999999999318e+01
2.006250000000000000e+03,7.482999999999999829e+01
2.006333333333333258e+03,7.484000000000000341e+01
2.006416666666666742e+03,7.489000000000000057e+01
2.006500000000000000e+03,7.498000000000000398e+01
2.006583333333333258e+03,7.495000000000000284e+01
2.006666666666666742e+03,7.481000000000000227e+01
2.006750000000000000e+03,7.473999999999999488e+01
2.006833333333333258e+03,7.479000000000000625e+01
2.006916666666666742e+03,7.482999999999999829e+01
2.007000000000000000e+03,7.498000000000000398e+01
2.007083333333333258e+03,7.496999999999999886e+01
2.007166666666666742e+03,7.484999999999999432e+01
2.007250000000000000e+03,7.501000000000000512e+01
2.007333333333333258e+03,7.504999999999999716e+01
2.007416666666666742e+03,7.498000000000000398e+01
2.007500000000000000e+03,7.485999999999999943e+01
2.007583333333333258e+03,7.470999999999999375e+01
2.007666666666666742e+03,7.456000000000000227e+01
2.007750000000000000e+03,7.442000000000000171e+01
2.007833333333333258e+03,7.431000000000000227e+01
2.007916666666666742e+03,7.431999999999999318e+01
2.008000000000000000e+03,7.456000000000000227e+01
2.008083333333333258e+03,7.475000000000000000e+01
2.008166666666666742e+03,7.487000000000000455e+01
2.008250000000000000e+03,7.518000000000000682e+01
2.008333333333333258e+03,7.529999999999999716e+01
2.008416666666666742e+03,7.518999999999999773e+01
2.008500000000000000e+03,7.512000000000000455e+01
2.008583333333333258e+03,7.506000000000000227e+01
2.008666666666666742e+03,7.481000000000000227e+01
2.008750000000000000e+03,7.459999999999999432e+01
2.008833333333333258e+03,7.451000000000000512e+01
2.008916666666666742e+03,7.454999999999999716e+01
2.009000000000000000e+03,7.476000000000000512e+01
2.009083333333333258e+03,7.481999999999999318e+01
2.009166666666666742e+03,7.492000000000000171e+01
2.009250000000000000e+03,7.512000000000000455e+01
2.009333333333333258e+03,7.518999999999999773e+01
2.009416666666666742e+03,7.515999999999999659e+01
2.009500000000000000e+03,7.512000000000000455e+01
2.009583333333333258e+03,7.503000000000000114e+01
2.009666666666666742e+03,7.478000000000000114e+01
2.009750000000000000e+03,7.459999999999999432e+01
2.009833333333333258e+03,7.450000000000000000e+01
2.009916666666666742e+03,7.448000000000000398e+01
2.010000000000000000e+03,7.451000000000000512e+01
2.010083333333333258e+03,7.454000000000000625e+01
2.010166666666666742e+03,7.454999999999999716e+01
2.010250000000000000e+03,7.465999999999999659e+01
2.010333333333333258e+03,7.470999999999999375e+01
2.010416666666666742e+03,7.484999999999999432e+01
2.010500000000000000e+03,7.496999999999999886e+01
2.010583333333333258e+03,7.490000000000000568e+01
2.010666666666666742e+03,7.471999999999999886e+01
2.010750000000000000e+03,7.460999999999999943e+01
2.010833333333333258e+03,7.450000000000000000e+01
2.010916666666666742e+03,7.451999999999999602e+01
2.011000000000000000e+03,7.448999999999999488e+01
2.011083333333333258e+03,7.440999999999999659e+01
2.011166666666666742e+03,7.460999999999999943e+01
2.011250000000000000e+03,7.484999999999999432e+01
2.011333333333333258e+03,7.523000000000000398e+01
2.011416666666666742e+03,7.532999999999999829e+01
2.011500000000000000e+03,7.514000000000000057e+01
2.011583333333333258e+03,7.493999999999999773e+01
2.011666666666666742e+03,7.476000000000000512e+01
2.011750000000000000e+03,7.465999999999999659e+01
2.011833333333333258e+03,7.457999999999999829e+01
2.011916666666666742e+03,7.462000000000000455e+01
2.012000000000000000e+03,7.479999999999999716e+01
2.012083333333333258e+03,7.498999999999999488e+01
2.012166666666666742e+03,7.496999999999999886e+01
2.012250000000000000e+03,7.492000000000000171e+01
2.012333333333333258e+03,7.490999999999999659e+01
2.012416666666666742e+03,7.490000000000000568e+01
2.012500000000000000e+03,7.479000000000000625e+01
2.012583333333333258e+03,7.465000000000000568e+01
2.012666666666666742e+03,7.450000000000000000e+01
2.012750000000000000e+03,7.434000000000000341e+01
2.012833333333333258e+03,7.429000000000000625e+01
2.012916666666666742e+03,7.428000000000000114e+01
2.013000000000000000e+03,7.437999999999999545e+01
2.013083333333333258e+03,7.451999999999999602e+01
2.013166666666666742e+03,7.456999999999999318e+01
2.013250000000000000e+03,7.471999999999999886e+01
2.013333333333333258e+03,7.487999999999999545e+01
2.013416666666666742e+03,7.509999999999999432e+01
2.013500000000000000e+03,7.514000000000000057e+01
2.013583333333333258e+03,7.498999999999999488e+01
2.013666666666666742e+03,7.479000000000000625e+01
2.013750000000000000e+03,7.464000000000000057e+01
2.013833333333333258e+03,7.459999999999999432e+01
2.013916666666666742e+03,7.453000000000000114e+01
2.014000000000000000e+03,7.464000000000000057e+01
2.014083333333333258e+03,7.460999999999999943e+01
2.014166666666666742e+03,7.454999999999999716e+01
2.014250000000000000e+03,7.482999999999999829e+01
2.014333333333333258e+03,7.514000000000000057e+01
2.014416666666666742e+03,7.517000000000000171e+01
2.014500000000000000e+03,7.509000000000000341e+01
2.014583333333333258e+03,7.495999999999999375e+01
2.014666666666666742e+03,7.478000000000000114e+01
2.014750000000000000e+03,7.459000000000000341e+01
2.014833333333333258e+03,7.445999999999999375e+01
2.014916666666666742e+03,7.445999999999999375e+01
2.015000000000000000e+03,7.456000000000000227e+01
2.015083333333333258e+03,7.450000000000000000e+01
2.015166666666666742e+03,7.440999999999999659e+01
2.015250000000000000e+03,7.462000000000000455e+01
2.015333333333333258e+03,7.481000000000000227e+01
2.015416666666666742e+03,7.501999999999999602e+01
2.015500000000000000e+03,7.520999999999999375e+01
2.015583333333333258e+03,7.510999999999999943e+01
2.015666666666666742e+03,7.490999999999999659e+01
2.015750000000000000e+03,7.467000000000000171e+01
2.015833333333333258e+03,7.456000000000000227e+01
2.015916666666666742e+03,7.446999999999999886e+01
2.016000000000000000e+03,7.462999999999999545e+01
2.016083333333333258e+03,7.481999999999999318e+01
2.016166666666666742e+03,7.496999999999999886e+01
2.016250000000000000e+03,7.510999999999999943e+01
2.016333333333333258e+03,7.509000000000000341e+01
2.016416666666666742e+03,7.501999999999999602e+01
2.016500000000000000e+03,7.495000000000000284e+01
2.016583333333333258e+03,7.484000000000000341e+01
2.016666666666666742e+03,7.470000000000000284e+01
2.016750000000000000e+03,7.454000000000000625e+01
2.016833333333333258e+03,7.448000000000000398e+01
2.016916666666666742e+03,7.445999999999999375e+01
2.017000000000000000e+03,7.462000000000000455e+01
2.017083333333333258e+03,7.481999999999999318e+01
2.017166666666666742e+03,7.500000000000000000e+01
2.017250000000000000e+03,7.534999999999999432e+01
2.017333333333333258e+03,7.579999999999999716e+01
2.017416666666666742e+03,7.581000000000000227e+01
2.017500000000000000e+03,7.568999999999999773e+01
2.017583333333333258e+03,7.543000000000000682e+01
2.017666666666666742e+03,7.507999999999999829e+01
2.017750000000000000e+03,7.485999999999999943e+01
2.017833333333333258e+03,7.487000000000000455e+01
2.017916666666666742e+03,7.476999999999999602e+01
2.018000000000000000e+03,7.482999999999999829e+01
2.018083333333333258e+03,7.490000000000000568e+01
2.018166666666666742e+03,7.493000000000000682e+01
2.018250000000000000e+03,7.501000000000000512e+01
2.018333333333333258e+03,7.526000000000000512e+01
2.018416666666666742e+03,7.521999999999999886e+01
2.018500000000000000e+03,7.506000000000000227e+01
2.018583333333333258e+03,7.490999999999999659e+01
2.018666666666666742e+03,7.473999999999999488e+01
2.018750000000000000e+03,7.462000000000000455e+01
2.018833333333333258e+03,7.462000000000000455e+01
2.018916666666666742e+03,7.470999999999999375e+01
2.019000000000000000e+03,7.482999999999999829e+01
2.019083333333333258e+03,7.496999999999999886e+01
2.019166666666666742e+03,7.496999999999999886e+01
2.019250000000000000e+03,7.515000000000000568e+01
2.019333333333333258e+03,7.570000000000000284e+01
2.019416666666666742e+03,7.590999999999999659e+01
2.019500000000000000e+03,7.579999999999999716e+01
2.019583333333333258e+03,7.553000000000000114e+01
2.019666666666666742e+03,7.523999999999999488e+01
2.019750000000000000e+03,7.504000000000000625e+01
2.019833333333333258e+03,7.504000000000000625e+01
2.019916666666666742e+03,7.500000000000000000e+01
2.020000000000000000e+03,7.504999999999999716e+01
2.020083333333333258e+03,7.512000000000000455e+01
2.020166666666666742e+03,7.518000000000000682e+01
2.020250000000000000e+03,7.531999999999999318e+01
2.020333333333333258e+03,7.535999999999999943e+01
2.020416666666666742e+03,7.529000000000000625e+01
2.020500000000000000e+03,7.518000000000000682e+01
2.020583333333333258e+03,7.504999999999999716e+01
2.020666666666666742e+03,7.484999999999999432e+01
2.020750000000000000e+03,7.470000000000000284e+01
2.020833333333333258e+03,7.459999999999999432e+01
2.020916666666666742e+03,7.462000000000000455e+01
